4.499269  
4.464198  
4.343594  
4.514078  
4.358236  
4.387985  
4.348786  
4.341011  
4.380075  
4.330851  
2.170733  
2.177432  
2.256585  
2.231378  
2.284083  
2.230311  
2.188123  
2.183944  
2.177556  
2.190772  
1.126700  
1.118491  
1.103241  
1.204358  
1.183857  
1.173148  
1.146861  
1.121764  
1.138987  
1.244676  
0.851026  
0.835854  
0.834390  
0.821647  
0.833306  
0.860017  
0.817451  
0.816053  
0.818975  
0.839420  
0.753513  
0.698257  
0.679021  
0.707366  
0.657223  
0.704565  
0.751712  
0.715911  
0.679616  
0.733854  
